1 0.58203125 0.84453125 0.1390625 0.25546875
1 0.71171875 0.64921875 0.1203125 0.19765625
1 0.565625 0.6515625 0.096875 0.16953125
1 0.3125 0.81171875 0.140625 0.20390625
1 0.0640625 0.83125 0.128125 0.196875
1 0.21328125 0.70546875 0.0984375 0.16484375
1 0.35234375 0.63203125 0.0890625 0.1296875
1 0.2640625 0.56015625 0.08125 0.11796875
1 0.0765625 0.5359375 0.075 0.0875
1 0.13671875 0.478125 0.0671875 0.07578125
1 0.23203125 0.4546875 0.0546875 0.08984375
1 0.02109375 0.628125 0.0421875 0.11796875
1 0.17109375 0.440625 0.0515625 0.06171875
1 0.33359375 0.403125 0.0453125 0.05703125
1 0.40078125 0.4078125 0.0421875 0.05703125
1 0.396875 0.365625 0.0375 0.05703125
1 0.24453125 0.35859375 0.0390625 0.04765625
1 0.3625 0.35390625 0.02890625 0.05234375
1 0.89140625 0.93984375 0.2015625 0.1203125
1 0.8875 0.53359375 0.090625 0.1203125
1 0.80546875 0.47265625 0.0734375 0.0921875
1 0.621875 0.49140625 0.075 0.10625
1 0.51875 0.525 0.071875 0.09921875
1 0.4890625 0.3922716625 0.48125 0.4672131140625 0.490625 0.47189695625 0.5328125 0.4672131140625 0.53125 0.41334894687499996 0.52265625 0.3887587828125 0.4890625 0.3922716625
1 0.5875 0.4125 0.05 0.07578125
1 0.55625 0.38828125 0.0375 0.0546875
1 0.496875 0.3796875 0.046875 0.06171875
1 0.559375 0.34765625 0.03671875 0.04921875
1 0.59609375 0.325 0.0328125 0.05
1 0.5015625 0.343091334375 0.5 0.2985948484375 0.47578125 0.29742388750000004 0.471875 0.3407494140625 0.5015625 0.343091334375
1 0.40546875 0.29296875 0.0234375 0.03359375
1 0.53515625 0.328125 0.0328125 0.04765625