1 0.615625 0.88515625 0.16328125 0.2296875
1 0.2671875 0.9234375 0.16328125 0.15234375
1 0.28671875 0.86640625 0.1484375 0.23125
1 0.4515625 0.68984375 0.11953125 0.15390625
1 0.34435483906250003 0.716707021875 0.2604838703125 0.716707021875 0.251612903125 0.7300242124999999 0.2524193546875 0.74818401875 0.3354838703125 0.7542372875 0.34677419375 0.7784503625 0.35322580625 0.819612590625 0.36290322656249996 0.8268765140625 0.36290322656249996 0.9067796609375 0.3693548390625 0.9092009687499999 0.3693548390625 0.795399515625 0.3806451609375 0.7736077484375 0.361290321875 0.7615012109375 0.34435483906250003 0.716707021875
1 0.2015625 0.70859375 0.11328125 0.171875
1 0.22890625 0.62265625 0.096875 0.14140625
1 0.15234375 0.57109375 0.0890625 0.1296875
1 0.19296875 0.4984375 0.08203125 0.0953125
1 0.6671875 0.68984375 0.13046875 0.15390625
1 0.54296875 0.84609375 0.12734375 0.215625
1 0.728125 0.82734375 0.06875 0.19765625
1 0.359375 0.55625 0.08671875 0.1296875
1 0.33125 0.4984375 0.07890625 0.11015625
1 0.29453125 0.44453125 0.06640625 0.11015625
1 0.13828125 0.4796875 0.05 0.06875
1 0.1203125 0.39296875 0.05625 0.0984375
1 0.15625 0.4328125 0.0703125 0.05703125
1 0.25625 0.41015625 0.0546875 0.08828125
1 0.2359375 0.39140625 0.04921875 0.0859375
1 0.43984375 0.4984375 0.04140625 0.096875
1 0.41484375 0.44609375 0.06796875 0.103125
1 0.38828125 0.39765625 0.05625 0.08359375
1 0.3265625 0.38359375 0.05625 0.084375
1 0.44375 0.37109375 0.0453125 0.07421875
1 0.415625 0.3375 0.05 0.05
1 0.12265625 0.32890625 0.0453125 0.028125
1 0.17265625 0.3078125 0.0296875 0.059375
1 0.1140625 0.30546875 0.04375 0.03515625