1 0.309375 0.69453125 0.421875 0.6109375
1 0.72578125 0.58984375 0.3015625 0.453125
1 0.590625 0.4390625 0.1984375 0.34453125
1 0.296875 0.3375 0.15546875 0.13203125
1 0.409375 0.33125 0.11953125 0.16875
1 0.509375 0.28125 0.10703125 0.171875
1 0.82734375 0.39296875 0.16796875 0.29765625
1 0.86640625 0.2546875 0.10859375 0.159375
1 0.1671875 0.49765625 0.27109375 0.40234375
1 0.91640625 0.23046875 0.075 0.1640625
1 0.7453125 0.24375 0.06796875 0.1515625
1 0.29921875 0.23046875 0.12109375 0.08515625
1 0.5359375 0.21640625 0.08359375 0.0875
1 0.76328125 0.18828125 0.0734375 0.0953125
1 0.025 0.6604938265625 0.019444443750000002 0.6333333328124999 0.019444443750000002 0.5518518515624999 0.00069444375 0.4716049375 0.0013888890625 0.8975308640625 0.009722221875000001 0.8703703703125001 0.0125 0.8283950625 0.0208333328125 0.8086419749999999 0.025 0.6604938265625