1 0.71875 0.7875 0.1328125 0.34296875
1 0.6609375 0.565625 0.07890625 0.1890625
1 0.87578125 0.79921875 0.15625 0.33671875
1 0.8296875 0.5625 0.11484375 0.1703125
1 0.7734375 0.4453125 0.0796875 0.13125
1 0.7140625 0.37421875 0.06640625 0.10859375
1 0.6234375 0.3796875 0.0609375 0.1140625
1 0.64765625 0.4515625 0.06484375 0.0859375
1 0.134375 0.63515625 0.2265625 0.25234375
1 0.30625 0.5015625 0.103125 0.11875
1 0.621875 0.271875 0.04609375 0.06328125
1 0.353125 0.39921875 0.07109375 0.10078125
1 0.596875 0.325 0.04375 0.08984375
1 0.39609375 0.28515625 0.028125 0.0453125
1 0.54140625 0.25546875 0.0375 0.0578125
1 0.57109375 0.28671875 0.0375 0.07109375
1 0.51796875 0.2359375 0.03125 0.05
1 0.6640625 0.325 0.0546875 0.08984375
1 0.3390625 0.32734375 0.04140625 0.06796875
1 0.490625 0.21640625 0.03125 0.05
1 0.57421875 0.24609375 0.04140625 0.05234375