1 0.4546875 0.60859375 0.1796875 0.39296875
1 0.79921875 0.334375 0.0765625 0.1640625
1 0.07890625 0.27421875 0.0625 0.1171875
1 0.2671875 0.15546875 0.0515625 0.0828125
1 0.3375 0.1359375 0.05234375 0.11171875
1 0.7984375 0.1875 0.04765625 0.1109375
0 0.4859375 0.340625 0.0609375 0.0890625
0 0.6484375 0.2921875 0.0546875 0.07265625
0 0.2453125 0.55546875 0.09765625 0.13125
0 0.3234375 0.509375 0.08515625 0.1140625
0 0.3375 0.4265625 0.08515625 0.07265625
0 0.53203125 0.2828125 0.05390625 0.07734375
0 0.624375 0.13799999999999998 0.6125 0.157 0.6125 0.205 0.641875 0.2 0.6537499999999999 0.207 0.6587500000000001 0.20099999999999998 0.6599999999999999 0.183 0.6525000000000001 0.13899999999999998 0.624375 0.13799999999999998
0 0.70703125 0.20078125 0.0515625 0.06875
0 0.62578125 0.265625 0.0515625 0.07890625
0 0.1671875 0.29453125 0.0546875 0.09296875
0 0.01640625 0.3703125 0.0328125 0.10078125
0 0.19609375 0.22421875 0.07265625 0.0921875
0 0.0265625 0.2875 0.04765625 0.07109375
0 0.698125 0.088 0.6912499999999999 0.11100000000000002 0.6925 0.135 0.72375 0.135 0.72875 0.123 0.72875 0.101 0.72375 0.089 0.698125 0.088
0 0.72875 0.17099999999999999 0.7675 0.17099999999999999 0.76375 0.11499999999999999 0.735625 0.11200000000000002 0.7275 0.141 0.72875 0.17099999999999999
0 0.91953125 0.14453125 0.03828125 0.053125
0 0.53828125 0.4078125 0.06640625 0.090625
0 0.903125 0.05078125 0.0265625 0.040625
0 0.4671875 0.13515625 0.0359375 0.05078125
0 0.80078125 0.0921875 0.0359375 0.040625
0 0.8328125 0.05234375 0.03125 0.03671875
0 0.9640625 0.0484375 0.02890625 0.0453125
0 0.51328125 0.109375 0.03359375 0.05078125
0 0.3484375 0.19453125 0.0453125 0.06484375