1 0.57890625 0.75390625 0.1921875 0.3703125
1 0.7 0.325 0.13203125 0.30625
1 0.54140625 0.171875 0.04296875 0.11640625
1 0.09765625 0.28359375 0.07890625 0.11015625
1 0.32265625 0.80859375 0.1640625 0.33125
1 0.425 0.37109375 0.0703125 0.1296875
1 0.55 0.3671875 0.0734375 0.16796875
1 0.465625 0.22421875 0.04609375 0.075
1 0.10390625 0.37890625 0.08359375 0.109375
1 0.18515625 0.3890625 0.01015625 0.0734375
1 0.2265625 0.36796875 0.06171875 0.09296875
1 0.30234375 0.22421875 0.02109375 0.0609375
1 0.27578125 0.22734375 0.02578125 0.06328125
1 0.25859375 0.19140625 0.04375 0.0625
1 0.2891666671875 0.1325925921875 0.2916666671875 0.1770370375 0.2966666671875 0.18 0.3158333328125 0.1548148140625 0.3125 0.13555555625 0.3079166671875 0.1288888890625 0.2891666671875 0.1325925921875
1 0.4265625 0.125 0.02265625 0.034375
1 0.30234375 0.15546875 0.0265625 0.05
1 0.36640625 0.190625 0.0390625 0.04921875