1 0.61328125 0.54765625 0.4796875 0.690625
1 0.221875 0.540625 0.103125 0.16953125
1 0.05546875 0.56015625 0.075 0.12421875
1 0.1625 0.52890625 0.0359375 0.12109375
1 0.13984375 0.5109375 0.02890625 0.078125
1 0.1458333328125 0.4638157890625 0.134259259375 0.46792763125 0.147222221875 0.46957236875 0.1458333328125 0.4638157890625
1 0.125 0.5015625 0.015625 0.07265625
1 0.12109375 0.4703125 0.02890625 0.0515625
1 0.0703703703125 0.46628289531249995 0.07685185156249999 0.46628289531249995 0.0824074078125 0.4580592109375 0.083796296875 0.43914473750000005 0.06944444375 0.4481907890625 0.0703703703125 0.46628289531249995
1 0.09453125 0.45625 0.02578125 0.040625
1 0.20416666718749998 0.7006578953125 0.2078703703125 0.6924342109375 0.2125 0.6990131578125001 0.2175925921875 0.6899671046875 0.2138888890625 0.6833881578125001 0.2259259265625 0.663651315625 0.221296296875 0.65542763125 0.22638888906250001 0.6513157890625 0.228240740625 0.6578947375 0.22685185156249998 0.648848684375 0.23194444375 0.63980263125 0.23472222187499997 0.6463815796875 0.2379629625 0.6422697375 0.23611111093749998 0.6291118421874999 0.2476851859375 0.6151315796875 0.2513888890625 0.6200657890625 0.252777778125 0.6077302625 0.2476851859375 0.5986842109375 0.22453703749999998 0.601973684375 0.19583333281249998 0.6118421046875 0.19120370312499999 0.625 0.18101851875 0.6282894734375 0.1740740734375 0.6143092109375 0.1740740734375 0.601151315625 0.1699074078125 0.5921052625 0.1495370375 0.5904605265625 0.146296296875 0.602796053125 0.141203703125 0.601973684375 0.1375 0.6118421046875 0.13333333281249998 0.6060855265625 0.1379629625 0.615953946875 0.1384259265625 0.6299342109375 0.1254629625 0.633223684375 0.1208333328125 0.6200657890625 0.1175925921875 0.6208881578125001 0.1148148140625 0.634046053125 0.1166666671875 0.65707236875 0.1129629625 0.663651315625 0.11805555625 0.6825657890625 0.1300925921875 0.680921053125 0.13148148125 0.6850328953125 0.1268518515625 0.6899671046875 0.133796296875 0.7006578953125 0.1365740734375 0.694078946875 0.1495370375 0.694078946875 0.15277777812499999 0.6916118421874999 0.147222221875 0.680098684375 0.147222221875 0.6702302625 0.15324074062499998 0.6661184203125 0.1629629625 0.6833881578125001 0.1583333328125 0.6916118421874999 0.16388888906250001 0.696546053125 0.1629629625 0.7129934203125 0.1708333328125 0.7088815796875 0.18148148125000002 0.71792763125 0.184722221875 0.7072368421874999 0.1976851859375 0.7055921046875 0.2004629625 0.694078946875 0.20416666718749998 0.7006578953125