0 0.38515625 0.1953125 0.046875 0.11953125
1 0.471875 0.40390625 0.07109375 0.140625
1 0.521875 0.4078125 0.06484375 0.146875
1 0.42265625 0.3203125 0.059375 0.11640625
1 0.39375 0.2640625 0.0484375 0.07421875
1 0.3390625 0.17890625 0.02890625 0.06328125
1 0.31875 0.14609375 0.04140625 0.0640625
1 0.390625 0.4015625 0.078125 0.1953125
1 0.2953125 0.16953125 0.0390625 0.1125
1 0.50078125 0.32109375 0.05 0.08984375
1 0.4703125 0.2703125 0.0453125 0.0859375
1 0.4109375 0.2359375 0.03203125 0.0703125
1 0.34296875 0.13515625 0.03203125 0.075
1 0.2484375 0.06875 0.0234375 0.03671875
1 0.23125 0.15859375 0.03984375 0.0953125
1 0.36796875 0.23203125 0.0390625 0.078125
1 0.29140625 0.05234375 0.0296875 0.05234375