1 0.46640625 0.38984375 0.05703125 0.12109375
1 0.36640625 0.38671875 0.0578125 0.090625
1 0.2890625 0.22421875 0.04375 0.1046875
1 0.4234375 0.3265625 0.053125 0.096875
1 0.525 0.40625 0.07890625 0.13046875
1 0.38828125 0.2578125 0.0375 0.09296875
1 0.36484375 0.23125 0.03046875 0.09296875
1 0.33984375 0.1796875 0.03125 0.06328125
1 0.46796875 0.2828125 0.03828125 0.09921875
1 0.5 0.30703125 0.04921875 0.0796875
1 0.32109375 0.16171875 0.0296875 0.0859375
1 0.29921875 0.115625 0.03203125 0.06640625
1 0.24765625 0.0921875 0.034375 0.059375
1 0.35078125 0.13359375 0.04375 0.09140625
0 0.3796875 0.203125 0.05390625 0.096875
1 0.43984375 0.28515625 0.05078125 0.12578125
1 0.23125 0.16796875 0.03125 0.0921875
1 0.28515625 0.06015625 0.03203125 0.08515625