1 0.38125 0.3875 0.06640625 0.1234375
1 0.29765625 0.20078125 0.03671875 0.0875
1 0.25703125 0.103125 0.0328125 0.05625
1 0.40703125 0.22734375 0.0453125 0.0890625
1 0.4578125 0.31328125 0.05390625 0.1203125
1 0.5828125 0.52109375 0.09609375 0.20078125
1 0.73828125 0.61015625 0.10390625 0.2203125
1 0.63828125 0.4265625 0.0890625 0.1953125
1 0.5015625 0.29140625 0.06875 0.12890625
1 0.53515625 0.2390625 0.0703125 0.1078125
1 0.43515625 0.1984375 0.04375 0.0765625
1 0.37578125 0.12265625 0.04375 0.0796875
1 0.3484375 0.07265625 0.04609375 0.06640625
1 0.31328125 0.05859375 0.0359375 0.0609375
1 0.28671875 0.03984375 0.0296875 0.06015625