1 0.3328125 0.59375 0.08046875 0.18984375
1 0.3421875 0.35 0.06796875 0.121875
1 0.31328125 0.23125 0.05078125 0.10625
1 0.4328125 0.26171875 0.05 0.1046875
1 0.51875 0.571875 0.07421875 0.221875
1 0.6328125 0.6515625 0.09921875 0.209375
1 0.6296875 0.87890625 0.115625 0.2421875
1 0.77109375 0.74609375 0.14296875 0.30234375
1 0.4953125 0.928125 0.1109375 0.14375
1 0.38515625 0.1890625 0.0484375 0.09453125
1 0.3375 0.12421875 0.03203125 0.071875
1 0.2796875 0.10078125 0.0625 0.1453125
1 0.36328125 0.1125 0.03828125 0.07109375
1 0.39921875 0.15625 0.04140625 0.071875
1 0.43828125 0.20546875 0.04453125 0.08671875
1 0.51328125 0.2796875 0.06640625 0.12421875
0 0.54296875 0.38671875 0.14921875 0.1953125