1 0.46171875 0.825 0.2375 0.35
1 0.59453125 0.6546875 0.15546875 0.19765625
1 0.71015625 0.53984375 0.12421875 0.175
1 0.79921875 0.7609375 0.09375 0.23515625
1 0.26171875 0.62421875 0.1578125 0.20234375
1 0.21171875 0.490625 0.10625 0.16640625
0 0.559375 0.19609375 0.0703125 0.165625
1 0.50078125 0.1265625 0.05859375 0.1171875
1 0.43828125 0.11640625 0.06328125 0.12109375
1 0.38203125 0.03828125 0.04140625 0.07578125
1 0.403125 0.06640625 0.04765625 0.08359375
1 0.46484375 0.0671875 0.078125 0.134375