1 0.4671875 0.4 0.06328125 0.1203125
1 0.5203125 0.4125 0.06484375 0.1453125
1 0.42421875 0.33203125 0.05546875 0.1109375
1 0.38515625 0.26875 0.05 0.096875
1 0.36796875 0.2296875 0.0375 0.08203125
1 0.4109375 0.24296875 0.034375 0.07265625
1 0.46796875 0.33828125 0.05078125 0.1171875
1 0.4328125 0.2703125 0.046875 0.07109375
1 0.54140625 0.37734375 0.0609375 0.140625
1 0.503125 0.32265625 0.05 0.11796875
1 0.4703125 0.284375 0.04375 0.0875
1 0.325 0.1515625 0.03828125 0.0703125
1 0.27421875 0.11796875 0.025 0.05
1 0.246875 0.10546875 0.03828125 0.04140625
1 0.29453125 0.109375 0.0234375 0.06484375
1 0.32265625 0.15703125 0.028125 0.0671875
1 0.34296875 0.140625 0.02890625 0.07421875
0 0.38203125 0.2015625 0.03125 0.09921875