1 0.46875 0.39921875 0.0625 0.125
1 0.52578125 0.39921875 0.0625 0.13671875
1 0.5421875 0.36953125 0.0546875 0.121875
1 0.42265625 0.33046875 0.05546875 0.1109375
1 0.2734375 0.2109375 0.03828125 0.0796875
1 0.2890625 0.178125 0.034375 0.06171875
1 0.321875 0.14765625 0.0296875 0.06328125
1 0.33828125 0.17265625 0.021875 0.05078125
1 0.3671875 0.225 0.02890625 0.0671875
1 0.3875 0.26640625 0.03515625 0.07890625
1 0.41875 0.2421875 0.046875 0.0765625
0 0.38125 0.2 0.040625 0.08515625
1 0.46796875 0.2640625 0.040625 0.0703125
1 0.50234375 0.30859375 0.0453125 0.0875