1 0.44609375 0.48359375 0.06796875 0.11328125
1 0.55703125 0.68828125 0.1015625 0.2125
1 0.46875 0.3953125 0.07421875 0.125
1 0.5203125 0.4109375 0.06171875 0.14609375
1 0.42421875 0.32734375 0.0609375 0.09921875
1 0.43828125 0.27890625 0.05546875 0.0875
1 0.3890625 0.2640625 0.04140625 0.0921875
1 0.33671875 0.175 0.0328125 0.07578125
1 0.49921875 0.32109375 0.04140625 0.11015625
1 0.434375 0.278125 0.040625 0.0953125
1 0.32421875 0.15859375 0.04140625 0.08671875
1 0.36875 0.1359375 0.03125 0.05390625
0 0.3796875 0.19296875 0.0328125 0.07734375
0 0.46640625 0.278125 0.03359375 0.08671875