1 0.34765625 0.43671875 0.0546875 0.10859375
1 0.62734375 0.72734375 0.134375 0.1984375
1 0.46796875 0.39609375 0.05703125 0.1203125
1 0.3890625 0.26328125 0.0328125 0.08203125
1 0.42421875 0.32421875 0.05546875 0.09609375
1 0.5234375 0.4109375 0.06015625 0.13828125
1 0.54453125 0.36171875 0.06796875 0.14609375
1 0.49921875 0.3203125 0.0390625 0.08828125
1 0.4640625 0.32421875 0.040625 0.0703125
1 0.43671875 0.2765625 0.04765625 0.08359375
1 0.415625 0.2328125 0.03046875 0.0640625
1 0.47109375 0.26796875 0.0453125 0.090625
1 0.3671875 0.228125 0.02890625 0.0796875
0 0.38125 0.18984375 0.03828125 0.10546875
1 0.3359375 0.17890625 0.03125 0.07734375
1 0.25625 0.1125 0.02890625 0.0640625
1 0.31484375 0.12578125 0.0296875 0.0453125
1 0.31953125 0.14375 0.025 0.05703125
1 0.3078125 0.0859375 0.02890625 0.0546875
1 0.3296875 0.09765625 0.02578125 0.08046875
1 0.278125 0.06953125 0.0234375 0.04609375