1 0.509375 0.65234375 0.128125 0.1875
1 0.3265625 0.3015625 0.05390625 0.08984375
1 0.3109375 0.23515625 0.05234375 0.07734375
0 0.3828125 0.196875 0.03671875 0.075
1 0.42265625 0.328125 0.0515625 0.08984375
1 0.46640625 0.4015625 0.06171875 0.14296875
1 0.51796875 0.41171875 0.06953125 0.13671875
1 0.54453125 0.3625 0.0703125 0.12265625
1 0.49609375 0.31171875 0.04140625 0.08984375
1 0.43984375 0.2765625 0.04296875 0.0953125
1 0.38828125 0.26875 0.03828125 0.0828125
1 0.334375 0.16640625 0.0328125 0.05234375
1 0.28046875 0.14609375 0.02890625 0.04453125
1 0.24765625 0.1359375 0.02265625 0.05
1 0.31640625 0.13671875 0.0328125 0.06640625
1 0.36484375 0.23203125 0.02734375 0.06328125
1 0.45625 0.25703125 0.04296875 0.10625