0 0.38125 0.19140625 0.03828125 0.065625
1 0.32890625 0.2484375 0.0375 0.06171875
1 0.30078125 0.1953125 0.03046875 0.04921875
1 0.365625 0.43359375 0.05546875 0.1265625
1 0.42421875 0.43828125 0.0578125 0.10546875
1 0.46875 0.39609375 0.0609375 0.125
1 0.52734375 0.41484375 0.06953125 0.13203125
1 0.421875 0.3265625 0.05625 0.09296875
1 0.2578125 0.1 0.0265625 0.06640625
1 0.32265625 0.1453125 0.03203125 0.05234375
1 0.5390625 0.35625 0.065625 0.10078125
1 0.3859375 0.26328125 0.0359375 0.06015625
1 0.43671875 0.27734375 0.03828125 0.07890625
1 0.50078125 0.3109375 0.04140625 0.06875
1 0.46953125 0.325 0.0359375 0.07890625
1 0.471875 0.26640625 0.0328125 0.065625
1 0.39921875 0.178125 0.028125 0.059375
1 0.3765625 0.14453125 0.03828125 0.05625
1 0.3421875 0.12890625 0.0234375 0.05390625
1 0.3015625 0.109375 0.0296875 0.0421875
1 0.78046875 0.80234375 0.1203125 0.18359375