1 0.3265625 0.22890625 0.05625 0.0953125
1 0.47578125 0.34609375 0.065625 0.121875
1 0.55703125 0.39921875 0.08359375 0.16640625
1 0.5921875 0.35703125 0.07734375 0.14921875
0 0.6046875 0.29296875 0.07890625 0.13125
1 0.37890625 0.17578125 0.04921875 0.10078125
1 0.459375 0.21640625 0.05390625 0.103125
1 0.40234375 0.16015625 0.03046875 0.08828125
1 0.334375 0.115625 0.0546875 0.08203125
1 0.69609375 0.6921875 0.13203125 0.25390625
1 0.315625 0.07421875 0.03515625 0.096875
1 0.2953125 0.0453125 0.0484375 0.0484375
1 0.37265625 0.09921875 0.03515625 0.09296875