1 0.75546875 0.759375 0.13828125 0.2171875
1 0.3375 0.78671875 0.3609375 0.42578125
1 0.3765625 0.60546875 0.1125 0.13203125
1 0.6609375 0.65 0.13671875 0.17421875
1 0.52578125 0.31171875 0.0671875 0.13203125
1 0.45703125 0.27890625 0.06171875 0.1125
1 0.47578125 0.2375 0.05390625 0.08984375
1 0.415625 0.221875 0.04765625 0.10078125
1 0.38828125 0.1828125 0.04453125 0.08203125
1 0.36015625 0.1359375 0.0375 0.08203125
1 0.33515625 0.1015625 0.0375 0.05859375
1 0.3125 0.06328125 0.03828125 0.06015625
0 0.409375 0.1328125 0.0453125 0.10234375
1 0.4609375 0.15625 0.04140625 0.0890625
1 0.6328125 0.26171875 0.0671875 0.1515625