0 0.46171875 0.45625 0.0984375 0.1796875
1 0.32265625 0.43828125 0.13046875 0.17734375
1 0.203125 0.58828125 0.0953125 0.134375
1 0.21875 0.82109375 0.1203125 0.2484375
1 0.3140625 0.6046875 0.13203125 0.15546875
1 0.5671875 0.284375 0.0375 0.0765625
1 0.5734375 0.21015625 0.03359375 0.07734375
1 0.6546875 0.41640625 0.0421875 0.12421875
1 0.62265625 0.35703125 0.0375 0.12109375
1 0.6796875 0.35390625 0.05546875 0.09296875
1 0.70546875 0.22421875 0.03828125 0.078125
1 0.7359375 0.2875 0.040625 0.09921875
1 0.71015625 0.2859375 0.03515625 0.090625
1 0.69609375 0.43125 0.046875 0.10625