1 0.3640625 0.40546875 0.0453125 0.10390625
1 0.3046875 0.31953125 0.03828125 0.07421875
1 0.46796875 0.4046875 0.0625 0.1359375
1 0.42578125 0.3359375 0.06015625 0.11328125
1 0.390625 0.259375 0.040625 0.08984375
1 0.3671875 0.2265625 0.03359375 0.06015625
1 0.3390625 0.1796875 0.0328125 0.0640625
1 0.3234375 0.15234375 0.02734375 0.05703125
1 0.4359375 0.2734375 0.034375 0.08671875
1 0.4640625 0.31328125 0.0375 0.0703125
1 0.5203125 0.40859375 0.0453125 0.12578125
1 0.49921875 0.30546875 0.04140625 0.07890625
0 0.3828125 0.1875 0.0359375 0.0734375
1 0.2546875 0.13046875 0.02265625 0.04453125
1 0.23125 0.165625 0.021875 0.06484375
1 0.34140625 0.13046875 0.02109375 0.04140625
1 0.30078125 0.115625 0.025 0.0578125
1 0.2890625 0.05703125 0.025 0.0515625
1 0.54296875 0.36171875 0.06484375 0.1296875