1 0.35859375 0.65546875 0.0625 0.16171875
0 0.41015625 0.63359375 0.07578125 0.178125
1 0.40390625 0.8796875 0.09296875 0.2140625
1 0.51796875 0.540625 0.06640625 0.13671875
1 0.46328125 0.46484375 0.05625 0.13359375
1 0.54140625 0.50390625 0.06953125 0.13046875
1 0.55390625 0.4546875 0.05703125 0.115625
1 0.3796875 0.3359375 0.04140625 0.0828125
1 0.25 0.21875 0.03125 0.05
1 0.259375 0.2015625 0.01953125 0.03828125
1 0.325 0.24453125 0.01953125 0.04375
1 0.45703125 0.384375 0.040625 0.09296875
1 0.35625 0.30703125 0.02734375 0.06796875
1 0.340625 0.26953125 0.0203125 0.0453125
1 0.3890625 0.2625 0.03828125 0.04375
1 0.31015625 0.23203125 0.02265625 0.05234375
1 0.359375 0.22578125 0.02109375 0.03984375
1 0.334375 0.18828125 0.02421875 0.0421875
1 0.309375 0.19140625 0.021875 0.040625