1 0.41171875 0.63125 0.0875 0.16640625
0 0.365625 0.0515625 0.0359375 0.065625
1 0.3875 0.19453125 0.03984375 0.0828125
1 0.415625 0.24375 0.06796875 0.14140625
1 0.46796875 0.26953125 0.05546875 0.0984375
1 0.50390625 0.31015625 0.059375 0.14296875
1 0.2421875 0.08515625 0.04140625 0.0625
1 0.55234375 0.29375 0.07109375 0.1421875
1 0.48828125 0.23046875 0.0578125 0.1078125
1 0.43984375 0.20546875 0.0484375 0.0953125
1 0.33828125 0.109375 0.0515625 0.07265625
1 0.29296875 0.0453125 0.03203125 0.05703125
1 0.390625 0.1328125 0.0359375 0.08046875