0 0.51640625 0.559375 0.0921875 0.19609375
1 0.43046875 0.37890625 0.071875 0.12265625
1 0.32421875 0.321875 0.0640625 0.15234375
1 0.2484375 0.73984375 0.10625 0.2015625
1 0.50078125 0.2203125 0.04375 0.11171875
1 0.53046875 0.18203125 0.05234375 0.1
1 0.58828125 0.1578125 0.059375 0.1484375
1 0.36015625 0.93125 0.08828125 0.13671875
1 0.53828125 0.85859375 0.1109375 0.28203125
1 0.690625 0.87734375 0.1546875 0.2453125
1 0.4171875 0.85234375 0.0984375 0.1953125
1 0.45546875 0.76484375 0.06640625 0.1546875
1 0.46640625 0.65703125 0.09921875 0.19375
1 0.60703125 0.628125 0.07578125 0.18125
1 0.58359375 0.7203125 0.0828125 0.203125
1 0.65 0.5609375 0.06171875 0.1625
1 0.6 0.6109375 0.06875 0.14296875
1 0.65 0.31796875 0.07578125 0.1484375
1 0.57109375 0.41484375 0.0484375 0.10234375
1 0.5984375 0.3546875 0.0640625 0.12109375
1 0.63515625 0.4796875 0.0546875 0.09765625
1 0.7140625 0.2234375 0.0765625 0.11328125
1 0.62890625 0.259375 0.0671875 0.134375
1 0.671875 0.1765625 0.04375 0.05625