1 0.3125 0.8359375 0.153125 0.240625
1 0.4828125 0.59140625 0.1296875 0.17421875
1 0.7015625 0.4640625 0.11171875 0.14609375
1 0.8078125 0.6328125 0.0765625 0.16328125
1 0.21953125 0.5640625 0.12421875 0.18671875
1 0.44296875 0.4453125 0.12265625 0.171875
1 0.21484375 0.1421875 0.07109375 0.1203125
1 0.409375 0.06640625 0.05 0.10390625
1 0.36953125 0.04140625 0.05625 0.0828125
1 0.43203125 0.02421875 0.0546875 0.0484375
1 0.5359375 0.153125 0.07109375 0.1484375
1 0.46171875 0.0421875 0.0421875 0.084375
0 0.4828125 0.15703125 0.08984375 0.175